0 5 2 1 3
1 5 2 1 3
2 5 2 1 3
3 5 2 1 3
4 5 2 1 3
5 5 2 1 3
6 5 2 1 3
7 5 2 1 3
8 5 2 1 3
9 5 2 1 3
10 5 2 1 3
11 5 2 1 3
12 6 4 2 1
13 6 4 2 1
14 5 2 1 3
15 5 2 1 3
16 5 2 1 3
17 5 2 1 3
18 5 2 1 3
19 5 2 1 3
20 5 2 6 14
21 4 1 3 14
22 4 1 3 14
23 14 3 1 2
24 4 1 3 14
25 1 2 6 13
26 4 1 3 14
27 4 1 3 14
28 13 3 1 2
29 3 5 7 10
30 5 2 1 3
31 5 2 1 3
32 13 12 3 2
33 13 12 3 2
34 21 12 3 4
35 19 12 3 4
36 17 12 3 4
37 15 12 3 4
38 13 10 2 3
39 13 10 2 3
40 15 10 2 3
41 12 8 1 2
42 10 9 21 2
43 13 18 22 1
44 10 9 19 2
45 19 10 1 2
46 14 10 1 2
47 17 10 1 2
48 18 20 1 2
49 16 20 1 2
50 19 16 1 2
51 15 17 1 2
52 15 19 1 2
53 18 17 1 2
54 17 14 1 2
55 17 5 6 7
56 1 2 3 5
57 17 12 1 2
58 17 2 6 7
59 14 2 3 5
60 18 1 2 4
61 3 1 8 10
62 13 12 1 2
63 15 12 1 2
64 15 12 1 2
65 16 12 1 2
66 17 12 1 2
67 14 10 1 2
68 13 12 1 11
69 12 17 1 15
70 5 17 1 2
71 15 9 1 12
72 14 12 7 2
73 13 11 24 2
74 13 12 11 23
75 12 11 10 22
76 12 11 10 22
77 15 14 11 7
78 13 11 15 17
79 12 10 4 3
80 7 2 9 10
81 17 14 4 1
82 17 16 4 3
83 12 10 4 22
84 12 11 25 26
85 15 14 26 1
86 15 14 11 8
87 14 13 4 3
88 17 16 28 3
89 15 14 26 2
90 16 15 5 1
91 8 7 3 21
92 7 6 2 18
